Resultados para PUICA3:
=====UNSATISFIABLE=====

Resultados para PUICA3:

Resultados para PUICA3:
=====UNSATISFIABLE=====

Resultados para PUICA3:
=====UNSATISFIABLE=====

Resultados para PUICA6:
utilidad_total: 186.6627
instalaciones: [true, false, true, false, false, true, true, false, false, false]
productos: [-0.0, -0.0, 9.48, -0.0, -0.0, -0.0, -0.0, -0.0, -0.0, -0.0, -0.0, -0.0, -0.0, -0.0, -0.0, 4.86, -0.0, -0.0, -0.0, -0.0, 2.63, -0.0, -0.0, -0.0, -0.0, -0.0, -0.0, -0.0, -0.0, -0.0, -0.0, -0.0, -0.0, -0.0, -0.0, -0.0, 0.27, -0.0, -0.0, -0.0, -0.0, -0.0, 2.53, -0.0, -0.0, -0.0, -0.0, -0.0, -0.0, -0.0]
----------
utilidad_total: 191.9874
instalaciones: [true, false, true, false, false, true, false, false, false, false]
productos: [-0.0, -0.0, 9.48, -0.0, -0.0, -0.0, -0.0, -0.0, -0.0, -0.0, -0.0, -0.0, -0.0, -0.0, -0.0, 4.86, -0.0, -0.0, -0.0, -0.0, 2.63, -0.0, -0.0, -0.0, -0.0, -0.0, -0.0, -0.0, -0.0, -0.0, -0.0, -0.0, -0.0, -0.0, -0.0, 0.27, -0.0, -0.0, -0.0, -0.0, -0.0, -0.0, 2.53, -0.0, -0.0, -0.0, -0.0, -0.0, -0.0, -0.0]
----------
==========

Resultados para PUICA3:
=====UNSATISFIABLE=====

Resultados para PUICA16:
utilidad_total: 5506.7597
instalaciones: [true, true, true, true, true, true, true, true, true, true, true, true, true, true, true, true, true, true, false, true]
productos: [-0.0, 0.719999999999998, -0.0, -0.0, -0.0, -0.0, -0.0, -0.0, -0.0, 10.0, -0.0, -0.0, -0.0, -0.0, -0.0, -0.0, 8.280000000000001, -0.0, -0.0, -0.0, -0.0, -0.0, -0.0, -0.0, -0.0, -0.0, -0.0, -0.0, -0.0, -0.0, -0.0, -0.0, -0.0, -0.0, 22.68, -0.0, -0.0, -0.0, -0.0, -0.0, -0.0, -0.0, -0.0, -0.0, -0.0, -0.0, -0.0, -0.0, -0.0, -0.0, -0.0, 17.0, -0.0, -0.0, -0.0, -0.0, -0.0, 7.79, -0.0, -0.0, -0.0, -0.0, 13.12, -0.0, -0.0, -0.0, -0.0, -0.0, -0.0, -0.0, -0.0, -0.0, -0.0, -0.0, -0.0, -0.0, -0.0, -0.0, -0.0, -0.0, -0.0, -0.0, 0.8800000000000008, -0.0, -0.0, -0.0, -0.0, -0.0, -0.0, -0.0, 12.4, -0.0, -0.0, -0.0, -0.0, -0.0, -0.0, -0.0, -0.0, -0.0, -0.0, -0.0, -0.0, -0.0, -0.0, -0.0, -0.0, -0.0, -0.0, -0.0, 5.370000000000001, -0.0, -0.0, -0.0, -0.0, -0.0, -0.0, -0.0, -0.0, 11.88, -0.0, -0.0, -0.0, -0.0, 2.600000000000001, -0.0, -0.0, -0.0, -0.0, -0.0, -0.0, -0.0, -0.0, 18.25, -0.0, -0.0, -0.0, -0.0, -0.0, -0.0, -0.0, -0.0, -0.0, -0.0, -0.0, -0.0, -0.0, -0.0, -0.0, -0.0, -0.0, -0.0, 16.21, -0.0, -0.0, -0.0, -0.0, -0.0, -0.0, -0.0, 0.5, -0.0, -0.0, -0.0, -0.0, -0.0, -0.0, -0.0, -0.0, -0.0, -0.0, -0.0, -0.0, -0.0, -0.0, 20.0, -0.0, -0.0, -0.0, -0.0, -0.0, -0.0, -0.0, 8.59, -0.0, -0.0, -0.0, -0.0, -0.0, -0.0, 5.23, -0.0, -0.0, -0.0, -0.0, -0.0, -0.0, -0.0, -0.0, -0.0, -0.0, -0.0, -0.0, -0.0, 4.84, 8.199999999999999, -0.0, -0.0, -0.0, -0.0, -0.0, -0.0, -0.0, -0.0, -0.0, -0.0, -0.0, -0.0, -0.0, -0.0, -0.0, -0.0, -0.0, -0.0, -0.0, -0.0, -0.0, 13.26, -0.0, -0.0, -0.0, -0.0, -0.0, -0.0, -0.0, -0.0, -0.0, -0.0, -0.0, 2.729999999999999, -0.0, -0.0, -0.0, -0.0, -0.0, 15.8, -0.0, -0.0, -0.0, -0.0, -0.0, -0.0, -0.0, -0.0, -0.0, -0.0, -0.0, -0.0, -0.0, -0.0, -0.0, -0.0, -0.0, -0.0, -0.0, -0.0, -0.0, -0.0, 22.0, -0.0, -0.0, -0.0, -0.0, 2.52, -0.0, -0.0, -0.0, -0.0, -0.0, -0.0, -0.0, -0.0, -0.0, -0.0, -0.0, -0.0, -0.0, -0.0, -0.0, -0.0, -0.0, -0.0, -0.0, -0.0, -0.0, -0.0, 15.72, -0.0, -0.0, 3.48, -0.0, -0.0, -0.0, -0.0, 15.56, -0.0, -0.0, -0.0, -0.0, -0.0, -0.0, -0.0, -0.0, -0.0, -0.0, -0.0, -0.0, -0.0, -0.0, 1.91, -0.0, 9.280000000000001, -0.0, -0.0, -0.0, -0.0, -0.0, -0.0, -0.0, -0.0, -0.0, -0.0, 5.789999999999999, -0.0, -0.0, -0.0, -0.0, -0.0, -0.0, -0.0, 17.5, -0.0, -0.0, -0.0, -0.0, -0.0, -0.0, -0.0, -0.0, -0.0, -0.0, -0.0, -0.0, 0.2300000000000004, 1.32, -0.0, -0.0, -0.0, -0.0, -0.0, -0.0, -0.0, -0.0, 14.41, -0.0, -0.0, -0.0, -0.0, -0.0, -0.0, -0.0, -0.0, -0.0, -0.0, -0.0, -0.0, -0.0, -0.0, -0.0, -0.0, -0.0, -0.0, -0.0, -0.0, -0.0, -0.0, 13.7, -0.0, -0.0, -0.0, -0.0, -0.0, -0.0, -0.0, -0.0, -0.0, -0.0, -0.0, -0.0, -0.0]
----------
utilidad_total: 5539.47
instalaciones: [true, true, true, true, true, true, true, true, true, true, true, true, true, true, true, true, true, true, false, true]
productos: [-0.0, -0.0, -0.0, -0.0, -0.0, -0.0, -0.0, -0.0, -0.0, 10.0, -0.0, 7.210000000000001, -0.0, -0.0, -0.0, -0.0, 1.789999999999999, -0.0, -0.0, -0.0, -0.0, -0.0, -0.0, -0.0, -0.0, -0.0, -0.0, -0.0, -0.0, -0.0, -0.0, -0.0, -0.0, -0.0, 22.68, -0.0, -0.0, -0.0, -0.0, -0.0, -0.0, -0.0, -0.0, -0.0, -0.0, -0.0, -0.0, -0.0, -0.0, -0.0, -0.0, 9.789999999999999, -0.0, -0.0, -0.0, -0.0, -0.0, 15.0, -0.0, -0.0, -0.0, -0.0, 13.12, -0.0, -0.0, -0.0, -0.0, -0.0, -0.0, -0.0, -0.0, -0.0, -0.0, -0.0, -0.0, -0.0, -0.0, -0.0, -0.0, -0.0, -0.0, -0.0, -0.0, -0.0, -0.0, -0.0, -0.0, -0.0, -0.0, -0.0, 13.28, -0.0, -0.0, -0.0, -0.0, -0.0, -0.0, -0.0, -0.0, -0.0, -0.0, -0.0, -0.0, -0.0, -0.0, -0.0, -0.0, -0.0, -0.0, -0.0, 4.49, -0.0, -0.0, -0.0, -0.0, -0.0, -0.0, -0.0, -0.0, 12.76, -0.0, -0.0, -0.0, -0.0, 1.650000000000002, -0.0, -0.0, -0.0, -0.0, -0.0, -0.0, -0.0, -0.0, 19.2, -0.0, -0.0, -0.0, -0.0, -0.0, -0.0, -0.0, -0.0, -0.0, -0.0, -0.0, -0.0, -0.0, -0.0, -0.0, -0.0, -0.0, -0.0, 16.21, -0.0, -0.0, -0.0, -0.0, -0.0, -0.0, -0.0, 0.2699999999999996, -0.0, -0.0, -0.0, -0.0, -0.0, -0.0, 0.2300000000000004, -0.0, -0.0, -0.0, -0.0, -0.0, -0.0, -0.0, 20.0, -0.0, -0.0, -0.0, -0.0, -0.0, -0.0, -0.0, 8.59, -0.0, -0.0, -0.0, -0.0, -0.0, -0.0, 5.23, -0.0, -0.0, -0.0, -0.0, -0.0, -0.0, -0.0, -0.0, -0.0, -0.0, -0.0, -0.0, -0.0, 11.12, 1.92, -0.0, -0.0, -0.0, -0.0, -0.0, -0.0, -0.0, -0.0, -0.0, -0.0, -0.0, -0.0, -0.0, -0.0, -0.0, -0.0, -0.0, -0.0, -0.0, -0.0, -0.0, 15.99, -0.0, -0.0, -0.0, -0.0, -0.0, -0.0, -0.0, -0.0, -0.0, -0.0, -0.0, -0.0, -0.0, -0.0, -0.0, -0.0, -0.0, 15.8, -0.0, -0.0, -0.0, -0.0, -0.0, -0.0, -0.0, -0.0, -0.0, -0.0, -0.0, -0.0, -0.0, -0.0, -0.0, 0.7199999999999989, -0.0, -0.0, -0.0, -0.0, -0.0, -0.0, 22.0, -0.0, -0.0, -0.0, -0.0, 1.800000000000001, -0.0, -0.0, -0.0, -0.0, -0.0, -0.0, -0.0, -0.0, -0.0, -0.0, -0.0, -0.0, -0.0, -0.0, -0.0, -0.0, -0.0, -0.0, -0.0, -0.0, -0.0, -0.0, 19.2, -0.0, -0.0, -0.0, -0.0, -0.0, -0.0, -0.0, 10.23, -0.0, -0.0, -0.0, -0.0, -0.0, -0.0, -0.0, -0.0, -0.0, -0.0, -0.0, -0.0, -0.0, -0.0, 7.24, -0.0, 9.280000000000001, -0.0, -0.0, -0.0, -0.0, -0.0, -0.0, -0.0, -0.0, -0.0, -0.0, 5.789999999999999, -0.0, -0.0, -0.0, -0.0, -0.0, -0.0, -0.0, 17.73, -0.0, -0.0, -0.0, -0.0, -0.0, -0.0, -0.0, -0.0, -0.0, -0.0, -0.0, -0.0, -0.0, 1.32, -0.0, -0.0, -0.0, -0.0, -0.0, -0.0, -0.0, -0.0, 14.41, -0.0, -0.0, -0.0, -0.0, -0.0, -0.0, -0.0, -0.0, -0.0, -0.0, -0.0, -0.0, -0.0, -0.0, -0.0, -0.0, -0.0, -0.0, -0.0, -0.0, -0.0, -0.0, 13.7, -0.0, -0.0, -0.0, -0.0, -0.0, -0.0, -0.0, -0.0, -0.0, -0.0, -0.0, -0.0, -0.0]
----------
utilidad_total: 5686.325962
instalaciones: [true, true, true, true, true, true, true, true, true, true, true, true, true, true, true, true, true, false, false, true]
productos: [-0.0, 6.629399999999998, -0.0, -0.0, -0.0, -0.0, -0.0, -0.0, -0.0, 2.21, -0.0, -0.0, -0.0, -0.0, -0.0, -0.0, 10.1606, -0.0, -0.0, -0.0, -0.0, -0.0, -0.0, -0.0, -0.0, -0.0, -0.0, -0.0, -0.0, -0.0, -0.0, -0.0, -0.0, -0.0, 22.68, -0.0, -0.0, -0.0, -0.0, -0.0, -0.0, -0.0, -0.0, -0.0, -0.0, -0.0, -0.0, -0.0, -0.0, 7.79, -0.0, 17.0, -0.0, -0.0, -0.0, -0.0, -0.0, -0.0, -0.0, -0.0, -0.0, -0.0, 13.12, -0.0, -0.0, -0.0, -0.0, -0.0, -0.0, -0.0, -0.0, -0.0, -0.0, -0.0, -0.0, -0.0, -0.0, -0.0, -0.0, -0.0, -0.0, -0.0, 0.8800000000000008, -0.0, -0.0, -0.0, -0.0, -0.0, -0.0, -0.0, 12.4, -0.0, -0.0, -0.0, -0.0, -0.0, -0.0, -0.0, -0.0, -0.0, -0.0, -0.0, -0.0, -0.0, -0.0, -0.0, -0.0, -0.0, -0.0, -0.0, 4.5206, -0.0, -0.0, -0.0, -0.0, -0.0, -0.0, -0.0, -0.0, 12.7294, -0.0, -0.0, -0.0, -0.0, 2.600000000000001, -0.0, -0.0, -0.0, -0.0, -0.0, -0.0, -0.0, -0.0, 18.25, -0.0, -0.0, -0.0, -0.0, -0.0, -0.0, -0.0, -0.0, -0.0, -0.0, -0.0, -0.0, -0.0, -0.0, -0.0, -0.0, -0.0, -0.0, 16.21, -0.0, -0.0, -0.0, -0.0, -0.0, -0.0, -0.0, 0.5, -0.0, -0.0, -0.0, -0.0, -0.0, -0.0, -0.0, -0.0, -0.0, -0.0, -0.0, -0.0, -0.0, -0.0, 20.0, -0.0, -0.0, -0.0, -0.0, -0.0, -0.0, -0.0, 8.59, -0.0, -0.0, -0.0, -0.0, -0.0, -0.0, 5.23, -0.0, -0.0, -0.0, -0.0, -0.0, -0.0, -0.0, -0.0, -0.0, -0.0, -0.0, -0.0, -0.0, 4.84, 8.199999999999999, -0.0, -0.0, -0.0, -0.0, -0.0, -0.0, -0.0, -0.0, -0.0, -0.0, -0.0, -0.0, -0.0, -0.0, -0.0, -0.0, -0.0, -0.0, -0.0, -0.0, -0.0, 15.99, -0.0, -0.0, -0.0, -0.0, -0.0, -0.0, -0.0, -0.0, -0.0, -0.0, -0.0, -0.0, -0.0, -0.0, -0.0, -0.0, -0.0, 15.8, -0.0, -0.0, -0.0, -0.0, -0.0, -0.0, -0.0, -0.0, -0.0, -0.0, -0.0, -0.0, -0.0, -0.0, -0.0, -0.0, -0.0, -0.0, -0.0, -0.0, -0.0, -0.0, 22.0, -0.0, -0.0, -0.0, -0.0, 2.52, -0.0, -0.0, -0.0, -0.0, -0.0, -0.0, -0.0, -0.0, -0.0, -0.0, -0.0, -0.0, -0.0, -0.0, -0.0, -0.0, -0.0, -0.0, -0.0, -0.0, -0.0, -0.0, 13.8394, -0.0, -0.0, 5.360600000000002, -0.0, -0.0, -0.0, -0.0, 15.56, -0.0, -0.0, -0.0, -0.0, -0.0, -0.0, -0.0, -0.0, -0.0, -0.0, -0.0, -0.0, -0.0, -0.0, 1.91, -0.0, 3.370600000000002, -0.0, -0.0, -0.0, -0.0, 5.909399999999999, -0.0, -0.0, -0.0, -0.0, -0.0, 5.789999999999999, -0.0, -0.0, -0.0, -0.0, -0.0, -0.0, -0.0, 17.5, -0.0, -0.0, -0.0, -0.0, -0.0, -0.0, -0.0, -0.0, -0.0, -0.0, -0.0, -0.0, 0.2300000000000004, 1.32, -0.0, -0.0, -0.0, -0.0, -0.0, -0.0, -0.0, -0.0, 14.41, -0.0, -0.0, -0.0, -0.0, -0.0, -0.0, -0.0, -0.0, -0.0, -0.0, -0.0, -0.0, -0.0, -0.0, -0.0, -0.0, -0.0, -0.0, -0.0, -0.0, -0.0, -0.0, 12.8506, -0.0, -0.0, -0.0, 0.849400000000001, -0.0, -0.0, -0.0, -0.0, -0.0, -0.0, -0.0, -0.0, -0.0]
----------
utilidad_total: 5689.2493
instalaciones: [true, true, true, true, true, true, true, true, true, true, true, true, true, true, true, true, true, false, false, true]
productos: [-0.0, 5.65, -0.0, -0.0, -0.0, -0.0, -0.0, -0.0, -0.0, 2.210000000000001, -0.0, -0.0, -0.0, -0.0, -0.0, -0.0, 11.14, -0.0, -0.0, -0.0, -0.0, -0.0, -0.0, -0.0, -0.0, -0.0, -0.0, -0.0, -0.0, -0.0, -0.0, -0.0, -0.0, -0.0, 22.68, -0.0, -0.0, -0.0, -0.0, -0.0, -0.0, -0.0, -0.0, -0.0, -0.0, -0.0, -0.0, -0.0, -0.0, 7.789999999999999, -0.0, 17.0, -0.0, -0.0, -0.0, -0.0, -0.0, -0.0, -0.0, -0.0, -0.0, -0.0, 13.12, -0.0, -0.0, -0.0, -0.0, -0.0, -0.0, -0.0, -0.0, -0.0, -0.0, -0.0, -0.0, -0.0, -0.0, -0.0, -0.0, -0.0, -0.0, -0.0, -0.0, -0.0, -0.0, -0.0, -0.0, -0.0, -0.0, -0.0, 13.28, -0.0, -0.0, -0.0, -0.0, -0.0, -0.0, -0.0, -0.0, -0.0, -0.0, -0.0, -0.0, -0.0, -0.0, -0.0, -0.0, -0.0, -0.0, -0.0, 4.49, -0.0, -0.0, -0.0, -0.0, -0.0, -0.0, -0.0, -0.0, 12.76, -0.0, -0.0, -0.0, -0.0, 2.370000000000001, -0.0, -0.0, -0.0, -0.0, -0.0, -0.0, -0.0, -0.0, 18.48, -0.0, -0.0, -0.0, -0.0, -0.0, -0.0, -0.0, -0.0, -0.0, -0.0, -0.0, -0.0, -0.0, -0.0, -0.0, -0.0, -0.0, -0.0, 16.21, -0.0, -0.0, -0.0, -0.0, -0.0, -0.0, -0.0, 0.2699999999999996, -0.0, -0.0, -0.0, -0.0, -0.0, -0.0, 0.2300000000000004, -0.0, -0.0, -0.0, -0.0, -0.0, -0.0, -0.0, 20.0, -0.0, -0.0, -0.0, -0.0, -0.0, -0.0, -0.0, 8.59, -0.0, -0.0, -0.0, -0.0, -0.0, -0.0, 5.23, -0.0, -0.0, -0.0, -0.0, -0.0, -0.0, -0.0, -0.0, -0.0, -0.0, -0.0, -0.0, -0.0, 4.84, 8.199999999999999, -0.0, -0.0, -0.0, -0.0, -0.0, -0.0, -0.0, -0.0, -0.0, -0.0, -0.0, -0.0, -0.0, -0.0, -0.0, -0.0, -0.0, -0.0, -0.0, -0.0, -0.0, 15.99, -0.0, -0.0, -0.0, -0.0, -0.0, -0.0, -0.0, -0.0, -0.0, -0.0, -0.0, -0.0, -0.0, -0.0, -0.0, -0.0, -0.0, 15.8, -0.0, -0.0, -0.0, -0.0, -0.0, -0.0, -0.0, -0.0, -0.0, -0.0, -0.0, -0.0, -0.0, -0.0, -0.0, -0.0, -0.0, -0.0, -0.0, -0.0, -0.0, -0.0, 22.0, -0.0, -0.0, -0.0, -0.0, 2.52, -0.0, -0.0, -0.0, -0.0, -0.0, -0.0, -0.0, -0.0, -0.0, -0.0, -0.0, -0.0, -0.0, 0.7799999999999994, -0.0, -0.0, -0.0, -0.0, -0.0, -0.0, -0.0, -0.0, 12.86, -0.0, -0.0, 5.56, -0.0, -0.0, -0.0, -0.0, 15.79, -0.0, -0.0, -0.0, -0.0, -0.0, -0.0, -0.0, -0.0, -0.0, -0.0, -0.0, -0.0, -0.0, -0.0, 1.68, -0.0, 4.35, -0.0, -0.0, -0.0, -0.0, 4.930000000000001, -0.0, -0.0, -0.0, -0.0, -0.0, 5.789999999999999, -0.0, -0.0, -0.0, -0.0, -0.0, -0.0, -0.0, 17.73, -0.0, -0.0, -0.0, -0.0, -0.0, -0.0, -0.0, -0.0, -0.0, -0.0, -0.0, -0.0, -0.0, 1.32, -0.0, -0.0, -0.0, -0.0, -0.0, -0.0, -0.0, -0.0, 14.41, -0.0, -0.0, -0.0, -0.0, -0.0, -0.0, -0.0, -0.0, -0.0, -0.0, -0.0, -0.0, -0.0, -0.0, -0.0, -0.0, -0.0, -0.0, -0.0, -0.0, -0.0, -0.0, 13.7, -0.0, -0.0, -0.0, -0.0, -0.0, -0.0, -0.0, -0.0, -0.0, -0.0, -0.0, -0.0, -0.0]
----------
utilidad_total: 5689.332199999999
instalaciones: [true, true, true, true, true, true, true, false, true, true, true, true, true, true, true, true, true, true, false, true]
productos: [-0.0, 1.609999999999982, -0.0, -0.0, -0.0, -0.0, -0.0, -0.0, -0.0, 5.380000000000011, -0.0, 7.210000000000003, -0.0, -0.0, -0.0, -0.0, 4.800000000000001, -0.0, -0.0, -0.0, -0.0, -0.0, -0.0, -0.0, -0.0, -0.0, -0.0, -0.0, -0.0, -0.0, -0.0, -0.0, -0.0, -0.0, 22.68, -0.0, -0.0, -0.0, -0.0, -0.0, -0.0, -0.0, -0.0, -0.0, -0.0, -0.0, -0.0, -0.0, -0.0, -0.0, -0.0, 9.789999999999997, -0.0, -0.0, -0.0, -0.0, -0.0, 15.0, -0.0, -0.0, -0.0, -0.0, 10.47999999999999, -0.0, -0.0, -0.0, 2.640000000000006, -0.0, -0.0, -0.0, -0.0, -0.0, -0.0, -0.0, -0.0, -0.0, -0.0, -0.0, -0.0, -0.0, -0.0, -0.0, 3.520000000000007, -0.0, -0.0, -0.0, -0.0, -0.0, -0.0, -0.0, 9.759999999999993, -0.0, -0.0, -0.0, -0.0, -0.0, -0.0, -0.0, -0.0, -0.0, -0.0, -0.0, -0.0, -0.0, -0.0, -0.0, -0.0, -0.0, -0.0, -0.0, 13.24, -0.0, -0.0, -0.0, -0.0, -0.0, -0.0, -0.0, -0.0, 4.01, -0.0, -0.0, -0.0, -0.0, 0.08000000000000185, -0.0, -0.0, -0.0, -0.0, -0.0, -0.0, -0.0, -0.0, 20.77, -0.0, -0.0, -0.0, -0.0, -0.0, -0.0, -0.0, -0.0, -0.0, -0.0, -0.0, -0.0, -0.0, -0.0, -0.0, -0.0, -0.0, -0.0, 16.21, -0.0, -0.0, -0.0, -0.0, -0.0, -0.0, -0.0, 0.5, -0.0, -0.0, -0.0, -0.0, -0.0, -0.0, -0.0, -0.0, -0.0, -0.0, -0.0, -0.0, -0.0, -0.0, 20.0, -0.0, -0.0, -0.0, -0.0, -0.0, -0.0, -0.0, 8.59, 0.6099999999999994, -0.0, -0.0, -0.0, -0.0, 4.619999999999994, -0.0, -0.0, -0.0, -0.0, -0.0, -0.0, -0.0, -0.0, -0.0, -0.0, -0.0, -0.0, -0.0, -0.0, 4.84, 8.199999999999999, -0.0, -0.0, -0.0, -0.0, -0.0, -0.0, -0.0, -0.0, -0.0, -0.0, -0.0, -0.0, -0.0, -0.0, -0.0, -0.0, -0.0, -0.0, -0.0, -0.0, -0.0, -0.0, -0.0, -0.0, -0.0, -0.0, -0.0, -0.0, -0.0, -0.0, -0.0, -0.0, -0.0, 15.99, -0.0, -0.0, -0.0, -0.0, -0.0, 15.8, -0.0, -0.0, -0.0, -0.0, -0.0, -0.0, -0.0, -0.0, -0.0, -0.0, -0.0, -0.0, -0.0, -0.0, -0.0, 2.52, -0.0, -0.0, -0.0, -0.0, -0.0, -0.0, 22.0, -0.0, -0.0, -0.0, -0.0, -0.0, -0.0, -0.0, -0.0, -0.0, -0.0, -0.0, -0.0, -0.0, -0.0, -0.0, -0.0, -0.0, -0.0, -0.0, -0.0, -0.0, -0.0, -0.0, -0.0, -0.0, -0.0, -0.0, 19.2, -0.0, -0.0, -0.0, -0.0, -0.0, -0.0, -0.0, 17.47, -0.0, -0.0, -0.0, -0.0, -0.0, -0.0, -0.0, -0.0, -0.0, -0.0, -0.0, -0.0, -0.0, -0.0, -0.0, -0.0, 5.870000000000019, -0.0, -0.0, -0.0, -0.0, 3.409999999999982, -0.0, -0.0, -0.0, -0.0, -0.0, 5.789999999999999, -0.0, -0.0, -0.0, -0.0, -0.0, -0.0, -0.0, 17.5, -0.0, -0.0, -0.0, -0.0, -0.0, -0.0, -0.0, -0.0, -0.0, -0.0, -0.0, -0.0, 0.2300000000000004, 1.32, -0.0, -0.0, -0.0, -0.0, -0.0, -0.0, -0.0, -0.0, 14.41, -0.0, -0.0, -0.0, -0.0, -0.0, -0.0, -0.0, -0.0, -0.0, -0.0, -0.0, -0.0, -0.0, -0.0, -0.0, -0.0, -0.0, -0.0, -0.0, -0.0, -0.0, -0.0, 13.7, -0.0, -0.0, -0.0, -0.0, -0.0, -0.0, -0.0, -0.0, -0.0, -0.0, -0.0, -0.0, -0.0]
----------
utilidad_total: 5689.332200000001
instalaciones: [true, true, true, true, true, true, true, false, true, true, true, true, true, true, true, true, true, true, false, true]
productos: [-0.0, 1.610000000000003, -0.0, -0.0, -0.0, -0.0, -0.0, -0.0, -0.0, 5.380000000000023, -0.0, 7.209999999999999, -0.0, -0.0, -0.0, -0.0, 4.799999999999973, -0.0, -0.0, -0.0, -0.0, -0.0, -0.0, -0.0, -0.0, -0.0, -0.0, -0.0, -0.0, -0.0, -0.0, -0.0, -0.0, -0.0, 22.68, -0.0, -0.0, -0.0, -0.0, -0.0, -0.0, -0.0, -0.0, -0.0, -0.0, -0.0, -0.0, -0.0, -0.0, -1.239106433528534e-14, -0.0, 9.790000000000001, -0.0, -0.0, -0.0, -0.0, -0.0, 15.0, -0.0, -0.0, -0.0, -0.0, 10.48000000000002, -0.0, -0.0, -0.0, 2.639999999999989, -0.0, -0.0, -0.0, -0.0, -0.0, -0.0, -0.0, -0.0, -0.0, -0.0, -0.0, -0.0, -0.0, -0.0, -0.0, 3.519999999999978, -0.0, -0.0, -0.0, -0.0, -0.0, -0.0, -0.0, 9.760000000000026, -0.0, -0.0, -0.0, -0.0, -0.0, -0.0, -0.0, -0.0, -0.0, -0.0, -0.0, -0.0, -0.0, -0.0, -0.0, -0.0, -0.0, -0.0, -0.0, 13.23999999999998, -0.0, -0.0, -0.0, -0.0, -0.0, -0.0, -0.0, -0.0, 4.010000000000016, -0.0, -0.0, -0.0, -0.0, 0.07999999999998408, -0.0, -0.0, -0.0, -0.0, -0.0, -0.0, -0.0, -0.0, 20.77000000000001, -0.0, -0.0, -0.0, -0.0, -0.0, -0.0, -0.0, -0.0, -0.0, -0.0, -0.0, -0.0, -0.0, -0.0, -0.0, -0.0, -0.0, -0.0, 16.21, -0.0, -0.0, -0.0, -0.0, -0.0, -0.0, -0.0, 0.4999999999999901, -0.0, -0.0, -0.0, -0.0, -0.0, -0.0, -0.0, -0.0, -0.0, -0.0, -0.0, -0.0, -0.0, -0.0, 20.0, -0.0, -0.0, -0.0, -0.0, -0.0, -0.0, -0.0, 8.59, 0.6100000000000209, -0.0, -0.0, -0.0, -0.0, 4.619999999999989, -0.0, -0.0, -0.0, -0.0, -0.0, -0.0, -0.0, -0.0, -0.0, -0.0, -0.0, -0.0, -0.0, -0.0, 4.84, 8.199999999999999, -0.0, -0.0, -0.0, -0.0, -0.0, -0.0, -0.0, -0.0, -0.0, -0.0, -0.0, -0.0, -0.0, -0.0, -0.0, -0.0, -0.0, -0.0, -0.0, -0.0, -0.0, -0.0, -0.0, -0.0, -0.0, -0.0, -0.0, -0.0, -0.0, -0.0, -0.0, -0.0, -0.0, 15.99, -0.0, -0.0, -0.0, -0.0, -0.0, 15.8, -0.0, -0.0, -0.0, -0.0, -0.0, -0.0, -0.0, -0.0, -0.0, -0.0, -0.0, -0.0, -0.0, -0.0, -0.0, 2.520000000000008, -0.0, -0.0, -0.0, -0.0, -0.0, -0.0, 22.0, -0.0, -0.0, -0.0, -0.0, -0.0, -0.0, -0.0, -0.0, -0.0, -0.0, -0.0, -0.0, -0.0, -0.0, -0.0, -0.0, -0.0, -0.0, -0.0, -0.0, -0.0, -0.0, -0.0, -0.0, -0.0, -0.0, -0.0, 19.2, -0.0, -0.0, -0.0, -0.0, -0.0, -0.0, -0.0, 17.47, -0.0, -0.0, -0.0, -0.0, -0.0, -0.0, -0.0, -0.0, -0.0, -0.0, -0.0, -0.0, -0.0, -0.0, -0.0, -0.0, 5.869999999999989, -0.0, -0.0, -0.0, -0.0, 3.410000000000012, -0.0, -0.0, -0.0, -0.0, -0.0, 5.789999999999999, -0.0, -0.0, -0.0, -0.0, -0.0, -0.0, -0.0, 17.50000000000001, -0.0, -0.0, -0.0, -0.0, -0.0, -0.0, -0.0, -0.0, -0.0, -0.0, -0.0, -0.0, 0.2299999999999905, 1.32, -0.0, -0.0, -0.0, -0.0, -0.0, -0.0, -0.0, -0.0, 14.41, -0.0, -0.0, -0.0, -0.0, -0.0, -0.0, -0.0, -0.0, -0.0, -0.0, -0.0, -0.0, -0.0, -0.0, -0.0, -0.0, -0.0, -0.0, -0.0, -0.0, -0.0, -0.0, 13.7, -0.0, -0.0, -0.0, -0.0, -0.0, -0.0, -0.0, -0.0, -0.0, -0.0, -0.0, -0.0, -0.0]
----------
==========

